101,1,10.02,-49930.64,-143418.69
101,2,20.04,-49921.74,-143423.30
101,3,30.06,-49912.83,-143427.90
101,4,40.07,-49903.94,-143432.49
101,5,50.08,-49895.04,-143437.07
101,6,60.09,-49886.23,-143441.83
101,7,70.10,-49877.41,-143446.57
101,8,80.12,-49868.59,-143451.31
101,9,90.13,-49859.82,-143456.15
101,10,100.15,-49851.05,-143460.99
101,11,110.17,-49842.32,-143465.90
101,12,120.19,-49833.74,-143471.09
101,13,130.21,-49825.08,-143476.13
101,14,140.34,-49816.35,-143481.26
101,15,150.46,-49807.76,-143486.61
101,16,160.59,-49799.18,-143491.99
101,17,170.72,-49790.69,-143497.52
101,18,180.85,-49782.26,-143503.14
102,1,10.02,-49929.15,-143415.81
102,2,20.05,-49920.21,-143420.34
102,3,30.08,-49911.32,-143424.99
102,4,40.09,-49902.40,-143429.55
102,5,50.11,-49893.55,-143434.24
102,6,60.14,-49884.68,-143438.92
102,7,70.17,-49875.84,-143443.65
102,8,80.20,-49867.00,-143448.39
102,9,90.23,-49858.23,-143453.27
102,10,100.27,-49849.48,-143458.20
102,11,110.32,-49840.74,-143463.13
102,12,120.36,-49832.03,-143468.16
102,13,130.42,-49823.37,-143473.25
102,14,140.57,-49814.65,-143478.46
102,15,150.73,-49806.02,-143483.82
102,16,160.89,-49797.42,-143489.23
102,17,171.06,-49788.90,-143494.77
102,18,181.23,-49780.33,-143500.26
103,1,10.02,-49927.61,-143412.81
103,2,20.05,-49918.69,-143417.41
103,3,30.09,-49909.85,-143422.15
103,4,40.12,-49900.84,-143426.57
103,5,50.15,-49891.92,-143431.16
103,6,60.19,-49883.06,-143435.88
103,7,70.24,-49874.25,-143440.70
103,8,80.29,-49865.44,-143445.54
103,9,90.34,-49856.65,-143450.42
103,10,100.40,-49847.81,-143455.23
103,11,110.47,-49839.00,-143460.10
103,12,120.55,-49830.27,-143465.14
103,13,130.63,-49821.62,-143470.31
103,14,140.82,-49812.90,-143475.57
103,15,151.01,-49804.24,-143480.96
103,16,161.21,-49795.62,-143486.41
103,17,171.42,-49787.09,-143492.01
103,18,181.63,-49778.41,-143497.39
201,1,8.77,-49765.49,-143514.55
201,2,18.87,-49757.27,-143520.42
201,3,28.97,-49749.19,-143526.48
201,4,39.18,-49741.03,-143532.62
201,5,49.31,-49733.03,-143538.83
201,6,59.44,-49725.05,-143545.07
201,7,69.69,-49717.16,-143551.62
201,8,79.82,-49709.43,-143558.16
201,9,89.94,-49701.68,-143564.69
201,10,100.07,-49694.11,-143571.41
201,11,110.28,-49686.57,-143578.28
201,12,120.40,-49679.06,-143585.08
201,13,130.67,-49671.76,-143592.30
201,14,140.80,-49664.47,-143599.34
201,15,150.87,-49657.34,-143606.44
202,1,8.83,-49763.59,-143511.90
202,2,18.93,-49755.37,-143517.77
202,3,29.03,-49747.25,-143523.78
202,4,39.39,-49738.98,-143530.02
202,5,49.52,-49730.94,-143536.18
202,6,59.64,-49723.02,-143542.48
202,7,70.04,-49715.03,-143549.14
202,8,80.17,-49707.30,-143555.68
202,9,90.30,-49699.73,-143562.42
202,10,100.43,-49691.99,-143568.94
202,11,110.71,-49684.33,-143575.81
202,12,120.84,-49676.89,-143582.69
202,13,131.28,-49669.36,-143589.92
202,14,141.41,-49662.09,-143596.97
202,15,151.48,-49654.93,-143604.06
203,1,8.90,-49761.64,-143509.19
203,2,19.00,-49753.49,-143515.15
203,3,29.10,-49745.32,-143521.08
203,4,39.60,-49736.88,-143527.34
203,5,49.73,-49728.89,-143533.56
203,6,59.85,-49720.92,-143539.82
203,7,70.45,-49712.81,-143546.55
203,8,80.53,-49705.24,-143553.28
203,9,90.63,-49697.46,-143559.77
203,10,100.79,-49689.93,-143566.55
203,11,111.16,-49682.19,-143573.45
203,12,121.29,-49674.66,-143580.22
203,13,131.91,-49666.91,-143587.49
203,14,142.04,-49659.65,-143594.55
203,15,152.11,-49652.59,-143601.73
301,1,10.14,-49643.37,-143621.08
301,2,20.21,-49636.49,-143628.43
301,3,30.35,-49629.52,-143635.80
301,4,40.42,-49623.09,-143643.54
301,5,50.48,-49616.55,-143651.19
302,1,10.24,-49641.04,-143618.95
302,2,20.31,-49634.17,-143626.30
302,3,30.52,-49627.11,-143633.69
302,4,40.59,-49620.69,-143641.44
302,5,50.66,-49614.05,-143649.01
303,1,10.34,-49638.59,-143616.70
303,2,20.41,-49631.66,-143624.00
303,3,30.70,-49624.73,-143631.61
303,4,40.77,-49618.09,-143639.17
303,5,50.83,-49611.55,-143646.82
304,1,10.49,-49635.16,-143613.55
304,2,20.55,-49628.53,-143621.13
304,3,30.94,-49621.54,-143628.82
304,4,41.02,-49615.28,-143636.71
304,5,51.09,-49608.75,-143644.38
401,1,10.09,-49603.64,-143666.78
401,2,20.19,-49597.32,-143674.65
401,3,30.21,-49591.16,-143682.56
401,4,40.24,-49585.09,-143690.54
401,5,50.26,-49579.15,-143698.61
401,6,60.28,-49573.23,-143706.69
401,7,70.29,-49567.36,-143714.81
401,8,80.31,-49561.53,-143722.95
401,9,90.32,-49555.67,-143731.07
401,10,100.34,-49549.99,-143739.32
402,1,10.13,-49601.07,-143664.71
402,2,20.26,-49594.71,-143672.60
402,3,30.32,-49588.47,-143680.49
402,4,40.38,-49582.50,-143688.58
402,5,50.43,-49576.44,-143696.60
402,6,60.48,-49570.50,-143704.70
402,7,70.52,-49564.61,-143712.84
402,8,80.56,-49558.79,-143721.02
402,9,90.60,-49553.10,-143729.29
402,10,100.63,-49547.41,-143737.54
403,1,10.17,-49598.44,-143662.59
403,2,20.34,-49592.18,-143670.61
403,3,30.43,-49585.93,-143678.53
403,4,40.52,-49579.71,-143686.47
403,5,50.61,-49573.89,-143694.71
403,6,60.68,-49567.81,-143702.74
403,7,70.75,-49561.98,-143710.95
403,8,80.82,-49555.97,-143719.02
403,9,90.87,-49550.28,-143727.32
403,10,100.92,-49544.47,-143735.52
404,1,10.22,-49595.95,-143660.58
404,2,20.42,-49589.68,-143668.64
404,3,30.55,-49583.50,-143676.65
404,4,40.67,-49577.54,-143684.83
404,5,50.78,-49571.71,-143693.09
404,6,60.87,-49565.74,-143701.23
404,7,70.97,-49560.14,-143709.63
404,8,81.05,-49554.53,-143718.00
404,9,91.13,-49549.11,-143726.50
404,10,101.21,-49543.87,-143735.11
501,1,10.00,-49538.69,-143755.85
501,2,20.00,-49533.19,-143764.18
501,3,29.99,-49527.63,-143772.49
501,4,39.97,-49522.15,-143780.84
501,5,49.96,-49516.67,-143789.18
501,6,59.94,-49511.21,-143797.55
501,7,69.93,-49505.81,-143805.94
502,1,10.02,-49536.13,-143754.12
502,2,20.02,-49530.48,-143762.37
502,3,30.02,-49524.86,-143770.65
502,4,40.02,-49519.33,-143778.97
502,5,50.01,-49513.85,-143787.33
502,6,60.00,-49508.36,-143795.67
502,7,69.98,-49502.88,-143804.02
503,1,10.03,-49533.26,-143752.18
503,2,20.05,-49527.65,-143760.48
503,3,30.06,-49522.21,-143768.89
503,4,40.07,-49516.48,-143777.09
503,5,50.07,-49511.11,-143785.53
503,6,60.06,-49505.75,-143793.96
503,7,70.05,-49500.14,-143802.23
601,1,9.98,-49494.74,-143822.56
602,1,9.98,-49491.94,-143820.72
603,1,9.98,-49489.02,-143818.80
701,1,9.98,-49483.84,-143839.28
701,2,19.96,-49478.28,-143847.57
701,3,29.95,-49472.81,-143855.93
701,4,39.94,-49467.35,-143864.29
701,5,49.93,-49462.01,-143872.73
701,6,59.92,-49456.33,-143880.95
701,7,69.91,-49451.05,-143889.43
701,8,79.90,-49445.35,-143897.64
701,9,89.88,-49440.04,-143906.10
701,10,99.87,-49434.51,-143914.41
701,11,109.86,-49429.05,-143922.77
701,12,119.86,-49423.59,-143931.15
701,13,129.85,-49418.09,-143939.50
701,14,139.85,-49412.48,-143947.77
701,15,149.85,-49407.08,-143956.19
701,16,159.85,-49401.69,-143964.61
701,17,169.85,-49396.10,-143972.90
701,18,179.84,-49390.71,-143981.32
701,19,189.84,-49385.18,-143989.65
701,20,199.84,-49379.65,-143997.98
701,21,209.84,-49374.15,-144006.33
701,22,219.84,-49368.71,-144014.72
702,1,9.98,-49480.78,-143837.27
702,2,19.97,-49475.51,-143845.76
702,3,29.96,-49470.07,-143854.13
702,4,39.95,-49464.69,-143862.55
702,5,49.93,-49459.17,-143870.87
702,6,59.92,-49453.70,-143879.23
702,7,69.91,-49448.15,-143887.53
702,8,79.89,-49442.76,-143895.94
702,9,89.88,-49437.24,-143904.26
702,10,99.87,-49431.71,-143912.58
702,11,109.85,-49426.26,-143920.95
702,12,119.85,-49420.68,-143929.24
702,13,129.85,-49415.32,-143937.68
702,14,139.85,-49409.85,-143946.05
702,15,149.85,-49404.38,-143954.42
702,16,159.84,-49398.89,-143962.78
702,17,169.84,-49393.44,-143971.15
702,18,179.84,-49387.92,-143979.49
702,19,189.84,-49382.46,-143987.86
702,20,199.83,-49376.93,-143996.20
702,21,209.83,-49371.50,-144004.58
702,22,219.83,-49366.03,-144012.96
703,1,9.98,-49478.10,-143835.51
703,2,19.97,-49472.72,-143843.93
703,3,29.95,-49467.30,-143852.31
703,4,39.94,-49461.84,-143860.68
703,5,49.93,-49456.32,-143869.00
703,6,59.91,-49450.97,-143877.43
703,7,69.90,-49445.43,-143885.74
703,8,79.89,-49439.94,-143894.09
703,9,89.88,-49434.48,-143902.45
703,10,99.86,-49429.01,-143910.80
703,11,109.85,-49423.43,-143919.09
703,12,119.85,-49418.02,-143927.49
703,13,129.84,-49412.55,-143935.87
703,14,139.84,-49407.08,-143944.24
703,15,149.84,-49401.63,-143952.61
703,16,159.84,-49396.12,-143960.95
703,17,169.83,-49390.62,-143969.31
703,18,179.83,-49385.07,-143977.62
703,19,189.83,-49379.61,-143985.99
703,20,199.83,-49374.08,-143994.33
703,21,209.82,-49368.64,-144002.71
703,22,219.83,-49363.31,-144011.18
801,1,10.00,-49357.79,-144031.47
801,2,20.00,-49352.31,-144039.84
801,3,30.00,-49346.77,-144048.17
801,4,40.00,-49341.34,-144056.57
801,5,50.00,-49335.87,-144064.94
801,6,60.00,-49330.45,-144073.34
801,7,70.00,-49324.81,-144081.60
801,8,80.00,-49319.39,-144090.01
801,9,89.97,-49313.97,-144098.37
801,10,99.93,-49308.52,-144106.71
801,11,109.89,-49302.99,-144114.99
801,12,119.86,-49297.63,-144123.39
801,13,129.82,-49292.14,-144131.71
801,14,139.78,-49286.62,-144140.00
801,15,149.75,-49281.07,-144148.28
801,16,159.71,-49275.62,-144156.62
801,17,169.67,-49270.19,-144164.97
801,18,179.64,-49264.70,-144173.29
801,19,189.65,-49259.23,-144181.68
801,20,199.67,-49253.59,-144189.96
801,21,209.69,-49248.07,-144198.31
801,22,219.70,-49242.65,-144206.73
801,23,229.72,-49237.32,-144215.21
801,24,239.74,-49231.65,-144223.48
801,25,249.75,-49226.18,-144231.86
801,26,259.77,-49220.75,-144240.28
801,27,269.78,-49215.26,-144248.65
801,28,279.80,-49209.77,-144257.03
801,29,289.74,-49204.26,-144265.31
801,30,299.68,-49198.82,-144273.63
801,31,309.63,-49193.40,-144281.97
802,1,10.00,-49354.94,-144029.61
802,2,20.00,-49349.43,-144037.95
802,3,30.00,-49343.93,-144046.30
802,4,40.00,-49338.48,-144054.69
802,5,50.00,-49333.04,-144063.08
802,6,60.00,-49327.63,-144071.50
802,7,70.00,-49322.05,-144079.79
802,8,80.00,-49316.49,-144088.11
802,9,89.97,-49311.14,-144096.51
802,10,99.93,-49305.62,-144104.81
802,11,109.89,-49300.17,-144113.15
802,12,119.86,-49294.71,-144121.48
802,13,129.82,-49289.22,-144129.79
802,14,139.78,-49283.74,-144138.12
802,15,149.75,-49278.34,-144146.49
802,16,159.71,-49272.87,-144154.82
802,17,169.67,-49267.39,-144163.14
802,18,179.64,-49261.87,-144171.43
802,19,189.65,-49256.28,-144179.74
802,20,199.67,-49250.80,-144188.13
802,21,209.68,-49245.36,-144196.53
802,22,219.70,-49239.77,-144204.85
802,23,229.71,-49234.32,-144213.25
802,24,239.73,-49228.78,-144221.60
802,25,249.75,-49223.25,-144229.94
802,26,259.76,-49217.86,-144238.39
802,27,269.78,-49212.34,-144246.74
802,28,279.79,-49206.78,-144255.07
802,29,289.74,-49201.41,-144263.44
802,30,299.68,-49195.95,-144271.75
802,31,309.62,-49190.47,-144280.05
803,1,10.00,-49352.10,-144027.75
803,2,20.00,-49346.60,-144036.10
803,3,30.00,-49341.17,-144044.50
803,4,40.00,-49335.71,-144052.87
803,5,50.00,-49330.19,-144061.21
803,6,60.00,-49324.85,-144069.67
803,7,70.00,-49319.24,-144077.95
803,8,80.00,-49313.73,-144086.30
803,9,89.97,-49308.32,-144094.66
803,10,99.93,-49302.80,-144102.96
803,11,109.89,-49297.29,-144111.26
803,12,119.86,-49291.84,-144119.60
803,13,129.82,-49286.48,-144128.00
803,14,139.79,-49280.95,-144136.28
803,15,149.75,-49275.60,-144144.69
803,16,159.71,-49270.09,-144153.00
803,17,169.68,-49264.74,-144161.40
803,18,179.64,-49259.12,-144169.63
803,19,189.66,-49253.48,-144177.91
803,20,199.67,-49248.01,-144186.30
803,21,209.69,-49242.51,-144194.67
803,22,219.70,-49237.08,-144203.08
803,23,229.72,-49231.58,-144211.45
803,24,239.74,-49226.01,-144219.78
803,25,249.75,-49220.59,-144228.20
803,26,259.77,-49215.12,-144236.59
803,27,269.78,-49209.68,-144245.00
803,28,279.80,-49204.14,-144253.34
803,29,289.74,-49198.62,-144261.61
803,30,299.69,-49193.31,-144270.02
803,31,309.63,-49187.83,-144278.32
901,1,9.94,-49182.49,-144298.59
901,2,19.88,-49177.08,-144306.93
901,3,29.82,-49171.59,-144315.22
901,4,39.77,-49166.09,-144323.51
901,5,49.71,-49160.60,-144331.80
901,6,59.65,-49155.25,-144340.18
901,7,69.66,-49149.82,-144348.59
901,8,79.67,-49144.38,-144356.99
901,9,89.68,-49138.86,-144365.34
901,10,99.69,-49133.31,-144373.67
902,1,9.94,-49179.74,-144296.79
902,2,19.88,-49174.22,-144305.06
902,3,29.82,-49168.81,-144313.40
902,4,39.77,-49163.28,-144321.66
902,5,49.71,-49157.83,-144329.98
902,6,59.65,-49152.40,-144338.31
902,7,69.66,-49146.90,-144346.67
902,8,79.67,-49141.49,-144355.10
902,9,89.68,-49136.08,-144363.52
902,10,99.69,-49130.56,-144371.87
1001,1,10.01,-49122.37,-144390.43
1002,1,10.01,-49119.36,-144388.46
1003,1,10.04,-49118.82,-144388.11
1101,1,10.00,-49111.43,-144407.20
1101,2,20.01,-49105.97,-144415.58
1101,3,30.01,-49100.49,-144423.94
1101,4,39.96,-49094.93,-144432.20
1101,5,49.91,-49089.44,-144440.49
1101,6,59.86,-49083.70,-144448.62
1101,7,69.80,-49078.04,-144456.80
1101,8,79.74,-49072.41,-144464.99
1101,9,89.68,-49066.57,-144473.04
1101,10,99.62,-49060.72,-144481.07
1101,11,109.56,-49054.76,-144489.02
1102,1,10.00,-49108.46,-144405.24
1102,2,19.99,-49103.07,-144413.66
1102,3,29.98,-49097.45,-144421.92
1102,4,39.92,-49091.84,-144430.12
1102,5,49.85,-49086.24,-144438.32
1102,6,59.77,-49080.73,-144446.57
1102,7,69.69,-49075.23,-144454.83
1102,8,79.60,-49069.59,-144462.98
1102,9,89.51,-49063.84,-144471.05
1102,10,99.41,-49058.00,-144479.04
1102,11,109.30,-49052.05,-144486.95
1103,1,10.05,-49106.30,-144403.82
1103,2,20.04,-49100.69,-144412.09
1103,3,30.02,-49095.00,-144420.29
1103,4,39.95,-49089.36,-144428.46
1103,5,49.86,-49083.69,-144436.59
1103,6,59.77,-49077.83,-144444.58
1103,7,69.66,-49072.18,-144452.69
1103,8,79.53,-49066.32,-144460.65
1103,9,89.40,-49060.28,-144468.45
1103,10,99.26,-49054.13,-144476.15
1103,11,109.10,-49047.81,-144483.70
1201,1,9.92,-49042.45,-144504.60
1201,2,19.84,-49036.21,-144512.31
1201,3,29.76,-49029.80,-144519.88
1201,4,39.68,-49023.25,-144527.33
1201,5,49.59,-49016.51,-144534.59
1202,1,9.88,-49039.93,-144502.56
1202,2,19.75,-49033.62,-144510.15
1202,3,29.61,-49027.25,-144517.68
1202,4,39.46,-49020.70,-144525.04
1202,5,49.31,-49013.91,-144532.17
1301,1,9.90,-49002.70,-144548.79
1301,2,19.80,-48995.64,-144555.74
1301,3,29.70,-48988.35,-144562.43
1302,1,9.83,-49000.35,-144546.42
1302,2,19.66,-48993.35,-144553.32
1302,3,29.49,-48986.09,-144559.94
1401,1,9.82,-48973.34,-144575.32
1401,2,19.69,-48965.62,-144581.47
1401,3,29.60,-48957.80,-144587.57
1401,4,39.57,-48949.77,-144593.46
1401,5,49.40,-48941.70,-144599.08
1401,6,59.38,-48933.30,-144604.47
1401,7,69.35,-48924.80,-144609.68
1401,8,79.22,-48916.29,-144614.66
1401,9,89.10,-48907.67,-144619.52
1401,10,99.08,-48898.84,-144624.16
1401,11,108.93,-48890.04,-144628.58
1401,12,118.67,-48881.22,-144632.72
1401,13,128.32,-48872.40,-144636.62
1401,14,137.94,-48863.52,-144640.34
1401,15,147.66,-48854.40,-144643.69
1401,16,157.40,-48845.27,-144647.08
1402,1,9.65,-48971.18,-144572.68
1402,2,19.39,-48963.51,-144578.69
1402,3,29.22,-48955.74,-144584.71
1402,4,19.17,-48947.69,-144590.56
1402,5,48.80,-48939.78,-144596.04
1402,6,58.77,-48931.36,-144601.40
1402,7,68.75,-48922.94,-144606.74
1402,8,78.46,-48914.63,-144611.77
1402,9,88.24,-48906.11,-144616.55
1402,10,98.21,-48897.25,-144621.14
1402,11,107.91,-48888.58,-144625.50
1402,12,117.65,-48879.79,-144629.68
1402,13,127.18,-48871.04,-144633.46
1402,14,136.65,-48862.31,-144637.13
1402,15,146.33,-48853.24,-144640.54
1402,16,156.07,-48844.07,-144643.80
1501,1,9.68,-48826.87,-144652.93
1501,2,19.36,-48817.56,-144655.59
1501,3,29.04,-48808.20,-144658.09
1501,4,38.73,-48798.78,-144660.33
1501,5,48.71,-48789.05,-144662.55
1501,6,58.68,-48779.28,-144664.54
1501,7,68.66,-48769.48,-144666.43
1502,1,9.60,-48825.89,-144649.63
1502,2,19.21,-48816.65,-144652.29
1502,3,28.83,-48807.37,-144654.83
1502,4,38.45,-48798.03,-144657.17
1502,5,48.37,-48788.35,-144659.31
1502,6,58.29,-48778.62,-144661.23
1502,7,68.22,-48768.88,-144663.12
1601,1,9.99,-48749.80,-144669.85
1601,2,19.98,-48739.89,-144671.10
1601,3,29.97,-48729.99,-144672.49
1601,4,39.97,-48720.06,-144673.64
1601,5,49.97,-48710.14,-144674.84
1601,6,59.97,-48700.19,-144675.95
1601,7,69.90,-48690.31,-144676.96
1601,8,79.84,-48680.41,-144677.82
1601,9,89.78,-48670.52,-144678.81
1601,10,99.72,-48660.60,-144679.47
1601,11,109.67,-48650.70,-144680.42
1601,12,119.62,-48640.78,-144681.19
1602,1,9.94,-48749.28,-144666.42
1602,2,19.88,-48739.41,-144667.71
1602,3,29.84,-48729.55,-144669.08
1602,4,39.80,-48719.67,-144670.28
1602,5,49.77,-48709.76,-144671.38
1602,6,59.74,-48699.85,-144672.51
1602,7,69.65,-48689.99,-144673.56
1602,8,79.57,-48680.12,-144674.51
1602,9,89.50,-48670.23,-144675.32
1602,10,99.43,-48660.34,-144676.23
1602,11,109.37,-48650.43,-144677.06
1602,12,119.31,-48640.51,-144677.76
1701,1,9.95,-48620.94,-144682.70
1701,2,19.90,-48611.01,-144683.41
1701,3,29.85,-48601.09,-144684.13
1701,4,39.84,-48591.13,-144684.96
1701,5,49.84,-48581.16,-144685.72
1701,6,59.84,-48571.18,-144686.38
1701,7,69.83,-48561.22,-144687.21
1701,8,79.83,-48551.25,-144687.93
1701,9,89.82,-48541.29,-144688.79
1701,10,99.82,-48531.33,-144689.62
1701,11,109.82,-48521.37,-144690.40
1701,12,119.81,-48511.41,-144691.26
1701,13,129.81,-48501.43,-144691.92
1701,14,139.81,-48491.47,-144692.71
1701,15,149.80,-48481.50,-144693.52
1701,16,159.80,-48471.53,-144694.24
1701,17,169.80,-48461.57,-144695.03
1701,18,179.80,-48451.60,-144695.83
1701,19,189.79,-48441.63,-144696.56
1701,20,199.79,-48431.66,-144697.33
1701,21,209.79,-48421.69,-144698.11
1701,22,219.79,-48411.72,-144698.83
1701,23,229.78,-48401.76,-144699.71
1702,1,9.95,-48620.67,-144679.23
1702,2,19.90,-48610.75,-144680.07
1702,3,29.85,-48600.83,-144680.83
1702,4,39.84,-48590.87,-144681.66
1702,5,49.84,-48580.90,-144682.43
1702,6,59.84,-48570.94,-144683.22
1702,7,69.83,-48560.97,-144683.96
1702,8,79.83,-48551.00,-144684.68
1702,9,89.82,-48541.03,-144685.44
1702,10,99.82,-48531.07,-144686.20
1702,11,109.82,-48521.11,-144687.06
1702,12,119.81,-48511.14,-144687.77
1702,13,129.81,-48501.17,-144688.52
1702,14,139.80,-48491.21,-144689.37
1702,15,149.80,-48481.25,-144690.22
1702,16,159.80,-48471.28,-144690.97
1702,17,169.80,-48461.31,-144691.72
1702,18,179.79,-48451.34,-144692.47
1702,19,189.79,-48441.37,-144693.22
1702,20,199.79,-48431.40,-144693.97
1702,21,209.79,-48421.43,-144694.72
1702,22,219.78,-48411.46,-144695.43
1702,23,229.78,-48401.50,-144696.27
1801,1,10.10,-48381.63,-144701.35
1801,2,20.20,-48371.55,-144702.10
1801,3,30.30,-48361.48,-144702.82
1801,4,40.40,-48351.41,-144703.64
1801,5,50.50,-48341.34,-144704.41
1801,6,60.61,-48331.26,-144705.17
1801,7,70.71,-48321.19,-144705.94
1801,8,80.81,-48311.12,-144706.77
1801,9,90.91,-48301.05,-144707.56
1801,10,101.15,-48290.84,-144708.31
1801,11,111.39,-48280.63,-144709.12
1801,12,121.63,-48270.42,-144709.83
1801,13,131.87,-48260.21,-144710.63
1802,1,10.10,-48381.36,-144697.92
1802,2,20.20,-48371.30,-144698.83
1802,3,30.30,-48361.22,-144699.49
1802,4,40.40,-48351.15,-144700.29
1802,5,50.51,-48341.07,-144701.00
1802,6,60.61,-48331.00,-144701.74
1802,7,70.71,-48320.93,-144702.53
1802,8,80.81,-48310.85,-144703.30
1802,9,90.91,-48300.79,-144704.13
1802,10,101.15,-48290.58,-144704.93
1802,11,111.39,-48280.36,-144705.68
1802,12,121.63,-48270.16,-144706.54
1802,13,131.87,-48259.95,-144707.29
1901,1,10.25,-48239.78,-144712.35
1901,2,20.52,-48229.55,-144713.23
1901,3,30.81,-48219.32,-144714.34
1901,4,41.11,-48209.09,-144715.55
1901,5,51.43,-48198.87,-144716.98
1901,6,61.55,-48188.91,-144718.73
1901,7,71.76,-48178.93,-144720.89
1902,1,10.27,-48239.49,-144708.93
1902,2,20.58,-48229.22,-144709.85
1902,3,30.93,-48218.91,-144710.78
1902,4,41.32,-48208.60,-144711.98
1902,5,51.74,-48198.27,-144713.39
1902,6,61.98,-48188.19,-144715.21
1902,7,72.41,-48178.03,-144717.55
2001,1,10.22,-48159.47,-144726.51
2001,2,20.24,-48150.01,-144729.81
2001,3,30.50,-48140.59,-144733.87
2001,4,40.68,-48131.23,-144737.88
2001,5,50.70,-48122.33,-144742.47
2001,6,60.93,-48113.44,-144747.54
2001,7,71.02,-48104.83,-144752.80
2001,8,81.15,-48096.54,-144758.63
2001,9,91.42,-48088.19,-144764.60
2001,10,101.50,-48080.26,-144770.82
2001,11,111.62,-48072.58,-144777.41
2002,1,10.51,-48158.24,-144723.05
2002,2,20.53,-48148.82,-144726.46
2002,3,31.08,-48139.05,-144730.42
2002,4,41.44,-48129.62,-144734.71
2002,5,51.46,-48120.76,-144739.40
2002,6,61.94,-48111.59,-144744.46
2002,7,72.12,-48102.88,-144749.72
2002,8,82.37,-48094.38,-144755.47
2002,9,92.95,-48085.89,-144761.77
2002,10,103.08,-48077.97,-144768.09
2002,11,113.28,-48070.35,-144774.87
2101,1,10.14,-48058.35,-144791.97
2101,2,20.26,-48051.69,-144799.59
2101,3,30.36,-48045.07,-144807.22
2101,4,40.44,-48038.70,-144815.04
2101,5,50.52,-48032.51,-144822.99
2101,6,60.54,-48026.37,-144830.91
2101,7,70.55,-48020.14,-144838.74
2102,1,10.26,-48055.67,-144789.45
2102,2,20.50,-48048.93,-144797.15
2102,3,30.69,-48042.38,-144804.96
2102,4,40.84,-48036.10,-144812.94
2102,5,50.96,-48029.74,-144820.81
2102,6,61.01,-48023.61,-144828.76
2102,7,71.02,-48017.47,-144836.68
2201,1,10.00,-48007.99,-144854.64
2201,2,20.00,-48001.86,-144862.55
2201,3,30.01,-47995.81,-144870.51
2201,4,40.01,-47989.58,-144878.34
2201,5,50.02,-47983.51,-144886.29
2201,6,60.02,-47977.46,-144894.26
2201,7,70.03,-47971.26,-144902.11
2201,8,80.02,-47965.22,-144910.07
2201,9,90.01,-47959.13,-144918.00
2201,10,100.01,-47952.97,-144925.86
2201,11,110.00,-47946.94,-144933.84
2201,12,119.99,-47940.86,-144941.77
2201,13,129.99,-47934.64,-144949.59
2201,14,139.98,-47928.47,-144957.46
2201,15,149.97,-47922.43,-144965.42
2201,16,159.97,-47916.29,-144973.30
2202,1,10.00,-48005.28,-144852.55
2202,2,20.00,-47999.29,-144860.56
2202,3,30.01,-47993.16,-144868.47
2202,4,40.01,-47987.07,-144876.41
2202,5,50.02,-47980.94,-144884.31
2202,6,60.02,-47974.83,-144892.23
2202,7,70.03,-47968.57,-144900.03
2202,8,80.02,-47962.45,-144907.94
2202,9,90.01,-47956.37,-144915.87
2202,10,100.01,-47950.33,-144923.83
2202,11,110.00,-47944.20,-144931.72
2202,12,119.99,-47937.98,-144939.55
2202,13,129.99,-47931.99,-144947.55
2202,14,139.98,-47925.88,-144955.45
2202,15,149.97,-47919.78,-144963.37
2202,16,159.97,-47913.56,-144971.19
2301,1,9.99,-47904.00,-144989.06
2301,2,19.99,-47897.93,-144997.01
2301,3,29.99,-47891.90,-145004.98
2301,4,39.98,-47885.71,-145012.83
2301,5,49.98,-47879.62,-145020.76
2302,1,9.99,-47901.54,-144987.16
2302,2,19.99,-47895.38,-144995.04
2302,3,29.99,-47889.18,-145002.88
2302,4,39.99,-47883.03,-145010.77
2302,5,49.98,-47877.03,-145018.76
2401,1,9.99,-47867.51,-145036.67
2401,2,19.99,-47861.29,-145044.50
2401,3,29.99,-47855.34,-145052.54
2401,4,39.99,-47849.12,-145060.36
2401,5,49.99,-47843.04,-145068.31
2401,6,60.00,-47836.94,-145076.23
2401,7,70.00,-47830.74,-145084.09
2401,8,80.01,-47824.58,-145091.97
2401,9,90.01,-47818.60,-145099.99
2401,10,100.01,-47812.46,-145107.89
2401,11,110.02,-47806.41,-145115.86
2401,12,120.02,-47800.24,-145123.73
2401,13,130.03,-47794.20,-145131.71
2401,14,140.03,-47788.05,-145139.60
2401,15,150.03,-47781.93,-145147.51
2401,16,160.03,-47775.71,-145155.33
2401,17,170.02,-47769.63,-145163.27
2401,18,180.02,-47763.52,-145171.18
2401,19,190.01,-47757.46,-145179.12
2401,20,200.01,-47751.36,-145187.04
2401,21,210.01,-47745.24,-145194.95
2401,22,220.00,-47739.13,-145202.86
2401,23,230.00,-47733.04,-145210.79
2401,24,240.00,-47726.92,-145218.69
2401,25,250.00,-47720.79,-145226.59
2401,26,260.00,-47714.69,-145234.52
2401,27,270.00,-47708.54,-145242.40
2401,28,279.99,-47702.42,-145250.31
2401,29,290.00,-47696.48,-145258.35
2401,30,300.00,-47690.38,-145266.28
2401,31,310.00,-47684.15,-145274.10
2401,32,320.00,-47678.00,-145281.99
2401,33,330.00,-47671.93,-145289.94
2401,34,340.00,-47665.92,-145297.93
2401,35,350.00,-47659.71,-145305.77
2401,36,360.00,-47653.59,-145313.68
2401,37,370.00,-47647.54,-145321.65
2401,38,380.01,-47641.45,-145329.58
2401,39,390.01,-47635.25,-145337.43
2402,1,9.99,-47864.69,-145034.49
2402,2,19.99,-47858.51,-145042.36
2402,3,29.99,-47852.57,-145050.40
2402,4,39.99,-47846.48,-145058.33
2402,5,49.99,-47840.34,-145066.22
2402,6,60.00,-47834.19,-145074.11
2402,7,70.00,-47828.15,-145082.09
2402,8,80.00,-47822.07,-145090.03
2402,9,90.01,-47815.93,-145097.93
2402,10,100.01,-47809.81,-145105.85
2402,11,110.02,-47803.70,-145113.77
2402,12,120.02,-47797.66,-145121.74
2402,13,130.03,-47791.48,-145129.61
2402,14,140.03,-47785.36,-145137.52
2402,15,150.03,-47779.23,-145145.42
2402,16,160.02,-47773.08,-145153.30
2402,17,170.02,-47767.01,-145161.24
2402,18,180.01,-47760.88,-145169.14
2402,19,190.01,-47754.80,-145177.08
2402,20,200.01,-47748.64,-145184.95
2402,21,210.00,-47742.55,-145192.87
2402,22,220.00,-47736.46,-145200.80
2402,23,230.00,-47730.37,-145208.73
2402,24,239.99,-47724.21,-145216.60
2402,25,249.99,-47718.09,-145224.51
2402,26,259.99,-47712.03,-145232.46
2402,27,269.99,-47705.94,-145240.40
2402,28,279.99,-47699.79,-145248.28
2402,29,289.99,-47693.75,-145256.25
2402,30,299.99,-47687.52,-145264.07
2402,31,309.99,-47681.44,-145272.02
2402,32,319.99,-47675.40,-145279.98
2402,33,329.99,-47669.21,-145287.84
2402,34,339.99,-47663.12,-145295.77
2402,35,349.99,-47657.00,-145303.68
2402,36,360.00,-47650.98,-145311.66
2402,37,370.00,-47644.86,-145319.58
2402,38,380.00,-47638.73,-145327.49
2402,39,390.00,-47632.53,-145335.33
2501,1,9.99,-47622.96,-145353.20
2501,2,19.98,-47616.70,-145360.98
2501,3,29.96,-47610.47,-145368.78
2501,4,39.94,-47604.45,-145376.75
2501,5,49.91,-47598.03,-145384.37
2501,6,59.88,-47591.65,-145392.03
2502,1,9.98,-47620.34,-145351.16
2502,2,19.95,-47614.13,-145358.96
2502,3,29.91,-47607.87,-145366.71
2502,4,39.86,-47601.71,-145374.52
2502,5,49.79,-47595.38,-145382.17
2502,6,59.71,-47589.01,-145389.78
2601,1,9.99,-47578.45,-145406.96
2601,2,19.93,-47571.77,-145414.32
2601,3,29.93,-47564.88,-145421.56
2601,4,39.85,-47558.03,-145428.74
2601,5,49.84,-47551.00,-145435.84
2601,6,59.76,-47543.87,-145442.73
2602,1,9.99,-47575.87,-145404.64
2602,2,19.84,-47569.25,-145411.94
2602,3,29.84,-47562.33,-145419.16
2602,4,39.66,-47555.60,-145426.30
2602,5,49.66,-47548.51,-145433.35
2602,6,59.45,-47541.46,-145440.15
2701,1,9.99,-47529.15,-145456.26
2701,2,19.98,-47521.80,-145463.03
2701,3,29.90,-47514.35,-145469.57
2701,4,39.89,-47506.86,-145476.19
2701,5,49.89,-47499.33,-145482.77
2701,6,59.89,-47491.82,-145489.37
2702,1,9.99,-47526.85,-145453.80
2702,2,19.97,-47519.57,-145460.62
2702,3,29.79,-47512.23,-145467.14
2702,4,39.78,-47504.68,-145473.69
2702,5,49.78,-47497.15,-145480.27
2702,6,59.78,-47489.63,-145486.85
2801,1,9.99,-47476.81,-145502.56
2801,2,19.99,-47469.17,-145509.01
2801,3,29.99,-47461.64,-145515.58
2801,4,39.99,-47453.98,-145522.01
2801,5,49.99,-47446.46,-145528.60
2802,1,9.99,-47474.57,-145499.97
2802,2,19.99,-47466.88,-145506.37
2802,3,29.99,-47459.37,-145512.96
2802,4,39.99,-47451.79,-145519.48
2802,5,49.99,-47444.19,-145525.99
2901,1,10.00,-47431.24,-145541.58
2902,1,10.00,-47429.15,-145539.16
2903,1,10.29,-47427.47,-145537.23
3001,1,10.00,-47416.23,-145554.80
3001,2,20.00,-47408.62,-145561.28
3001,3,30.00,-47401.17,-145567.96
3002,1,10.00,-47413.96,-145552.18
3002,2,19.99,-47406.43,-145558.75
3002,3,29.99,-47398.89,-145565.33
3003,1,10.00,-47411.70,-145549.56
3003,2,20.00,-47403.89,-145555.83
3003,3,30.00,-47396.25,-145562.28
3101,1,9.99,-47386.03,-145581.02
3101,2,20.00,-47378.48,-145587.58
3101,3,30.00,-47370.76,-145593.94
3101,4,40.00,-47363.28,-145600.58
3101,5,50.00,-47355.74,-145607.16
3101,6,60.01,-47348.19,-145613.72
3101,7,70.01,-47340.66,-145620.30
3101,8,80.01,-47333.02,-145626.76
3101,9,90.01,-47325.45,-145633.29
3102,1,10.00,-47383.80,-145578.45
3102,2,20.00,-47376.23,-145584.98
3102,3,30.00,-47368.67,-145591.53
3102,4,40.00,-47361.02,-145597.98
3102,5,50.00,-47353.50,-145604.57
3102,6,60.01,-47345.94,-145611.13
3102,7,70.01,-47338.37,-145617.67
3102,8,80.01,-47330.74,-145624.14
3102,9,90.02,-47323.22,-145630.73
3201,1,10.00,-47310.34,-145646.40
3201,2,19.96,-47303.00,-145653.15
3201,3,29.98,-47295.42,-145659.69
3201,4,39.94,-47287.94,-145666.27
3201,5,49.91,-47280.56,-145672.97
3201,6,59.97,-47273.20,-145679.84
3201,7,69.97,-47266.01,-145686.74
3201,8,79.91,-47258.86,-145693.69
3201,9,89.87,-47251.87,-145700.78
3201,10,99.93,-47244.79,-145707.92
3201,11,109.93,-47237.96,-145715.24
3201,12,119.98,-47231.21,-145722.67
3201,13,130.02,-47224.59,-145730.23
3201,14,140.08,-47218.08,-145737.90
3201,15,150.16,-47211.74,-145745.73
3202,1,10.00,-47308.10,-145643.82
3202,2,19.96,-47300.58,-145650.36
3202,3,30.04,-47293.09,-145657.09
3202,4,40.00,-47285.59,-145663.66
3202,5,49.98,-47278.32,-145670.49
3202,6,60.17,-47270.74,-145677.30
3202,7,70.16,-47263.52,-145684.20
3202,8,80.12,-47256.35,-145691.12
3202,9,90.08,-47249.30,-145698.16
3202,10,100.26,-47242.18,-145705.43
3202,11,110.32,-47235.26,-145712.74
3202,12,120.42,-47228.56,-145720.30
3202,13,130.54,-47221.87,-145727.88
3202,14,140.66,-47215.42,-145735.69
3202,15,150.84,-47209.14,-145743.70
3301,1,10.05,-47199.57,-145761.78
3301,2,20.12,-47193.77,-145770.02
3301,3,30.20,-47188.08,-145778.34
3301,4,40.29,-47182.62,-145786.83
3302,1,10.11,-47196.89,-145759.89
3302,2,20.25,-47191.09,-145768.22
3302,3,30.41,-47185.69,-145776.82
3302,4,40.57,-47180.35,-145785.46
3401,1,10.01,-47171.44,-145803.47
3401,2,19.97,-47166.77,-145812.28
3401,3,29.98,-47162.12,-145821.13
3401,4,39.98,-47157.78,-145830.14
3401,5,49.97,-47153.46,-145839.15
3401,6,59.96,-47149.33,-145848.25
3501,1,9.92,-47141.56,-145866.56
3501,2,19.90,-47137.79,-145875.79
3501,3,29.87,-47134.35,-145885.16
3501,4,39.97,-47130.88,-145894.64
3501,5,50.09,-47127.50,-145904.18
3501,6,60.18,-47124.28,-145913.74
3501,7,70.28,-47121.17,-145923.35
3501,8,80.35,-47118.12,-145932.95
3601,1,10.13,-47113.70,-145952.80
3601,2,20.21,-47112.01,-145962.74
3601,3,30.26,-47109.68,-145972.51
3601,4,40.31,-47107.47,-145982.31
3601,5,50.27,-47105.30,-145992.04
3601,6,60.24,-47103.24,-146001.80
3602,1,10.04,-47112.11,-145952.38
3602,2,20.09,-47109.36,-145962.05
3602,3,30.14,-47106.60,-145971.71
3602,4,40.18,-47104.08,-145981.43
3602,5,50.15,-47101.54,-145991.07
3602,6,60.11,-47098.92,-146000.68
3801,1,9.96,-47091.67,-146029.65
3801,2,19.92,-47089.26,-146039.32
3801,3,29.88,-47087.03,-146049.03
3801,4,39.84,-47084.67,-146058.71
3901,1,9.96,-47079.99,-146078.09
3901,2,21.19,-47077.30,-146089.00
4001,1,11.02,-47072.09,-146110.58
4001,2,21.96,-47069.35,-146121.17
4001,3,32.74,-47065.83,-146131.36
4001,4,43.53,-47061.00,-146141.01
4101,1,10.50,-47047.20,-146156.82
4101,2,20.92,-47038.63,-146162.72
4101,3,31.40,-47029.07,-146167.03
4201,1,7.70,-47014.38,-146170.41
4201,2,15.52,-47006.57,-146170.80
4201,3,23.28,-46998.81,-146170.76
4201,4,31.05,-46991.06,-146170.21
4201,5,39.01,-46983.12,-146169.67
4401,1,8.05,-46959.02,-146167.81
4401,2,16.11,-46950.98,-146167.25
4401,3,26.29,-46940.83,-146166.50
4501,1,10.11,-46920.69,-146164.88
4501,2,20.26,-46910.58,-146163.91
4501,3,30.05,-46900.85,-146162.83
4501,4,40.10,-46890.90,-146161.49
4501,5,50.04,-46881.06,-146160.05
4501,6,60.18,-46871.07,-146158.31
4701,1,7.90,-49708.76,-143541.84
4701,2,18.03,-49701.00,-143548.35
4701,3,28.16,-49693.42,-143555.07
4701,4,38.29,-49685.88,-143561.83
4701,5,48.82,-49678.18,-143569.02
4701,6,58.96,-49670.94,-143576.11
4701,7,69.87,-49663.21,-143583.81
4701,8,80.00,-49656.13,-143591.06
4701,9,90.09,-49649.43,-143598.60
4801,1,9.95,-49176.60,-144294.73
4801,2,19.90,-49170.87,-144302.87
4801,3,29.85,-49165.01,-144310.91
4801,4,39.81,-49159.11,-144318.93
4801,5,49.79,-49152.90,-144326.75
4801,6,59.76,-49146.96,-144334.75
4801,7,69.78,-49140.94,-144342.77
4801,8,79.80,-49135.07,-144350.89
4801,9,89.82,-49129.21,-144359.01
4801,10,99.84,-49123.50,-144367.24
4801,11,109.85,-49118.14,-144375.69
4901,1,9.81,-49035.29,-144498.80
4901,2,19.61,-49028.55,-144505.90
4901,3,29.38,-49021.66,-144512.84
4901,4,39.10,-49015.12,-144520.03
5001,1,10.00,-47380.96,-145575.17
5001,2,20.03,-47372.94,-145581.19
5001,3,30.06,-47364.86,-145587.14
5101,1,10.05,-47100.13,-146021.57
5101,2,20.06,-47098.54,-146031.45
5101,3,30.08,-47097.14,-146041.37
5101,4,40.06,-47095.20,-146051.16
5101,5,50.02,-47093.04,-146060.88
5101,6,59.97,-47090.63,-146070.54
5101,7,69.93,-47088.34,-146080.23
5301,1,10.16,-46869.52,-146171.32
5301,2,20.32,-46879.68,-146171.15
5301,3,30.39,-46889.74,-146171.27
5301,4,40.55,-46899.90,-146171.38
5301,5,50.59,-46909.94,-146171.79
5302,1,10.16,-46869.62,-146174.78
5302,2,20.32,-46879.78,-146174.52
5302,3,30.26,-46889.72,-146174.60
5302,4,40.42,-46899.88,-146174.81
5302,5,50.32,-46909.78,-146174.99
5501,1,10.16,-46940.28,-146173.79
5501,2,20.29,-46950.39,-146174.57
5501,3,30.51,-46960.56,-146175.49
5501,4,40.72,-46970.75,-146176.19
5501,5,50.94,-46980.94,-146176.94
5502,1,10.16,-46940.02,-146177.30
5502,2,20.26,-46950.11,-146177.95
5502,3,30.47,-46960.29,-146178.77
5502,4,40.69,-46970.47,-146179.56
5502,5,50.90,-46980.65,-146180.40
5601,1,10.36,-47001.54,-146177.83
5601,2,20.83,-47011.99,-146177.16
5601,3,31.18,-47022.23,-146175.68
5602,1,10.58,-47001.53,-146181.46
5602,2,21.47,-47012.42,-146181.11
5602,3,32.06,-47022.93,-146179.80
5701,1,10.61,-47042.13,-146168.38
5701,2,21.23,-47050.95,-146162.47
5701,3,30.59,-47057.76,-146156.04
5702,1,11.31,-47044.26,-146172.02
5702,2,22.61,-47053.64,-146165.72
5702,3,32.54,-47060.86,-146158.90
5801,1,9.31,-47068.50,-146140.79
5801,2,18.63,-47072.43,-146132.34
5801,3,27.82,-47075.58,-146123.72
5802,1,9.77,-47071.94,-146142.70
5802,2,19.52,-47076.09,-146133.87
5802,3,28.96,-47079.15,-146124.94
6001,1,9.03,-47082.97,-146097.44
6002,1,9.06,-47086.36,-146098.27
6101,1,9.01,-47086.96,-146079.87
6102,1,9.00,-47090.51,-146080.78
6301,1,9.96,-47094.10,-146050.87
6301,2,19.91,-47096.51,-146041.21
6301,3,29.87,-47098.97,-146031.56
6301,4,39.83,-47101.47,-146021.92
6302,1,9.95,-47097.48,-146051.75
6302,2,19.91,-47099.72,-146042.05
6302,3,29.88,-47102.01,-146032.35
6302,4,39.84,-47104.35,-146022.67
6303,1,9.95,-47102.43,-146053.04
6303,2,19.91,-47104.87,-146043.39
6303,3,29.87,-47107.07,-146033.67
6303,4,39.83,-47109.62,-146024.04
6401,1,9.96,-47106.11,-146002.54
6401,2,19.92,-47108.58,-145992.89
6401,3,29.87,-47111.09,-145983.26
6401,4,39.92,-47113.72,-145973.56
6401,5,49.97,-47116.39,-145963.88
6401,6,60.01,-47119.15,-145954.21
6401,7,70.10,-47122.11,-145944.57
6402,1,9.96,-47109.31,-146003.37
6402,2,19.92,-47111.83,-145993.74
6402,3,29.88,-47114.36,-145984.11
6402,4,39.92,-47117.06,-145974.43
6402,5,49.97,-47119.70,-145964.74
6402,6,60.02,-47122.53,-145955.09
6402,7,70.07,-47125.38,-145945.45
6403,1,9.97,-47114.58,-146004.73
6403,2,19.93,-47116.83,-145995.03
6403,3,29.88,-47119.22,-145985.37
6403,4,39.93,-47121.55,-145975.60
6403,5,50.01,-47123.30,-145965.67
6403,6,60.06,-47125.37,-145955.83
6403,7,70.18,-47126.83,-145945.83
6501,1,10.03,-47127.90,-145925.51
6501,2,20.04,-47131.11,-145916.02
6501,3,30.06,-47134.38,-145906.55
6501,4,40.07,-47137.73,-145897.12
6501,5,50.08,-47141.13,-145887.70
6501,6,59.94,-47144.61,-145878.48
6501,7,69.79,-47148.33,-145869.36
6501,8,79.67,-47152.02,-145860.19
6501,9,89.53,-47155.90,-145851.13
6501,10,99.37,-47159.96,-145842.16
6501,11,10.92,-47164.13,-145833.24
6501,12,119.07,-47168.51,-145824.43
6501,13,128.91,-47173.03,-145815.68
6501,14,138.77,-47177.69,-145806.99
6501,15,148.61,-47182.50,-145798.40
6501,16,158.60,-47187.78,-145789.92
6501,17,168.54,-47192.99,-145781.46
6501,18,178.48,-47198.36,-145773.10
6501,19,188.42,-47204.16,-145765.02
6502,1,10.00,-47131.33,-145926.61
6502,2,19.97,-47134.41,-145917.12
6502,3,29.97,-47137.46,-145907.60
6502,4,39.92,-47140.84,-145898.25
6502,5,49.89,-47144.26,-145888.88
6502,6,59.69,-47147.67,-145879.69
6502,7,69.49,-47151.30,-145870.59
6502,8,79.35,-47155.16,-145861.52
6502,9,89.16,-47159.02,-145852.50
6502,10,98.94,-47163.08,-145843.61
6502,11,108.71,-47167.30,-145834.78
6502,12,118.48,-47171.73,-145826.08
6502,13,128.24,-47176.08,-145817.34
6502,14,138.05,-47180.74,-145808.71
6502,15,147.82,-47185.59,-145800.23
6502,16,157.79,-47190.69,-145791.67
6502,17,167.63,-47195.82,-145783.26
6502,18,177.49,-47201.23,-145775.02
6502,19,187.36,-47206.87,-145766.93
6601,1,9.92,-47215.80,-145748.90
6601,2,19.85,-47222.00,-145741.15
6601,3,29.81,-47228.42,-145733.54
6601,4,39.76,-47234.97,-145726.04
6601,5,49.73,-47241.69,-145718.69
6601,6,59.65,-47248.57,-145711.54
6601,7,69.53,-47255.39,-145704.38
6601,8,79.49,-47262.44,-145697.34
6601,9,89.46,-47269.67,-145690.48
6601,10,99.41,-47276.83,-145683.57
6601,11,109.29,-47284.06,-145676.84
6602,1,9.81,-47218.66,-145751.14
6602,2,19.64,-47224.65,-145743.34
6602,3,29.52,-47230.98,-145735.75
6602,4,39.42,-47237.58,-145728.38
6602,5,49.33,-47244.18,-145720.98
6602,6,59.20,-47250.98,-145713.83
6602,7,68.96,-47257.80,-145706.84
6602,8,78.93,-47264.88,-145699.83
6602,9,88.89,-47271.99,-145692.84
6602,10,98.83,-47279.17,-145685.98
6602,11,108.59,-47286.26,-145679.28
6801,1,9.92,-47306.28,-145656.92
6801,2,19.88,-47313.69,-145650.26
6802,1,98.62,-47308.48,-145659.45
6802,2,19.82,-47316.00,-145652.91
6901,1,10.00,-47328.88,-145637.24
6901,2,20.00,-47336.46,-145630.71
6901,3,30.00,-47344.05,-145624.21
6901,4,40.00,-47351.59,-145617.63
6901,5,50.00,-47359.10,-145611.03
6902,1,10.00,-47331.23,-145639.94
6902,2,20.00,-47338.70,-145633.29
6902,3,30.00,-47346.16,-145626.63
6902,4,40.01,-47353.80,-145620.18
6902,5,50.00,-47361.56,-145613.87
7001,1,10.00,-47374.33,-145598.06
7001,2,20.00,-47381.82,-145591.43
7001,3,30.00,-47389.35,-145584.86
7001,4,40.00,-47396.98,-145578.38
7001,5,50.00,-47404.44,-145571.72
7001,6,60.00,-47412.04,-145565.23
7001,7,70.00,-47419.56,-145558.64
7002,1,10.00,-47376.58,-145600.66
7002,2,20.00,-47384.07,-145594.03
7002,3,30.00,-47391.75,-145587.62
7002,4,40.00,-47399.21,-145580.96
7002,5,50.00,-47406.82,-145574.47
7002,6,60.00,-47414.36,-145567.90
7002,7,70.00,-47421.81,-145561.23
7003,1,10.00,-47378.95,-145603.39
7003,2,20.00,-47386.33,-145596.63
7003,3,30.00,-47393.92,-145590.13
7003,4,40.01,-47401.59,-145583.71
7003,5,50.01,-47409.05,-145577.05
7003,6,60.01,-47416.57,-145570.46
7003,7,70.01,-47424.24,-145564.04
7101,1,10.00,-47434.74,-145545.62
7101,2,20.00,-47442.21,-145538.97
7101,3,30.00,-47449.79,-145532.45
7101,4,40.00,-47457.42,-145525.98
7101,5,50.00,-47465.03,-145519.50
7102,1,9.99,-47436.93,-145548.14
7102,2,19.99,-47444.49,-145541.60
7102,3,29.99,-47452.02,-145535.03
7102,4,39.99,-47459.64,-145528.55
7102,5,49.99,-47467.23,-145522.03
7103,1,9.99,-47439.26,-145550.84
7103,2,19.99,-47446.88,-145544.36
7103,3,30.00,-47454.31,-145537.66
7103,4,40.02,-47461.42,-145530.60
7103,5,50.04,-47468.55,-145523.56
7201,1,9.99,-47480.17,-145506.44
7202,1,9.99,-47482.38,-145508.99
7301,1,10.00,-47495.29,-145493.35
7301,2,20.00,-47502.81,-145486.76
7301,3,30.00,-47510.34,-145480.18
7301,4,39.99,-47517.82,-145473.55
7301,5,50.07,-47525.38,-145466.89
7301,6,60.07,-47532.77,-145460.14
7302,1,10.01,-47497.48,-145495.86
7302,2,20.01,-47505.04,-145489.31
7302,3,30.01,-47512.57,-145482.73
7302,4,40.01,-47520.18,-145476.25
7302,5,50.18,-47527.63,-145469.32
7302,6,60.20,-47535.08,-145462.61
7401,1,9.99,-47547.37,-145446.48
7401,2,20.08,-47554.67,-145439.52
7401,3,30.08,-47561.76,-145432.47
7401,4,40.16,-47568.69,-145425.15
7401,5,50.16,-47575.58,-145417.91
7401,6,60.22,-47582.29,-145410.41
7402,1,9.99,-47549.64,-145448.91
7402,2,20.19,-47556.96,-145441.81
7402,3,30.19,-47564.11,-145434.82
7402,4,40.37,-47571.14,-145427.46
7402,5,50.37,-47578.03,-145420.22
7402,6,60.51,-47584.82,-145412.68
7501,1,10.06,-47595.59,-145395.39
7501,2,20.09,-47602.15,-145387.80
7501,3,30.12,-47608.53,-145380.06
7501,4,40.15,-47614.77,-145372.22
7501,5,50.17,-47620.93,-145364.31
7501,6,60.18,-47627.21,-145356.51
7502,1,10.15,-47598.23,-145397.64
7502,2,20.22,-47604.66,-145389.88
7502,3,30.28,-47611.07,-145382.13
7502,4,40.34,-47617.27,-145374.21
7502,5,50.38,-47623.52,-145366.35
7502,6,60.41,-47629.77,-145358.51
7601,1,10.00,-47639.33,-145340.58
7601,2,20.00,-47645.47,-145332.68
7601,3,30.01,-47651.53,-145324.72
7601,4,40.01,-47657.61,-145316.79
7601,5,50.01,-47663.78,-145308.92
7601,6,60.01,-47669.88,-145300.98
7601,7,70.01,-47676.10,-145293.15
7601,8,80.01,-47682.16,-145285.20
7601,9,90.01,-47688.34,-145277.34
7601,10,100.01,-47694.37,-145269.36
7601,11,110.02,-47700.65,-145261.58
7601,12,120.02,-47706.68,-145253.59
7601,13,130.02,-47712.70,-145245.61
7601,14,140.02,-47718.86,-145237.73
7601,15,150.02,-47724.93,-145229.78
7601,16,160.02,-47731.11,-145221.93
7601,17,170.01,-47737.20,-145214.00
7601,18,180.01,-47743.30,-145206.08
7601,19,190.00,-47749.39,-145198.16
7601,20,200.00,-47755.54,-145190.27
7601,21,210.00,-47761.65,-145182.36
7601,22,219.99,-47767.68,-145174.38
7601,23,229.99,-47773.82,-145166.50
7601,24,239.99,-47779.94,-145158.60
7601,25,249.98,-47786.13,-145150.75
7601,26,259.98,-47792.08,-145142.71
7601,27,269.99,-47798.15,-145134.76
7601,28,279.99,-47804.33,-145126.89
7601,29,290.00,-47810.57,-145119.07
7601,30,300.00,-47816.53,-145111.03
7601,31,310.01,-47822.73,-145103.18
7601,32,320.01,-47828.78,-145095.22
7601,33,330.02,-47835.01,-145087.38
7601,34,340.02,-47840.95,-145079.33
7601,35,350.03,-47847.06,-145071.41
7601,36,360.03,-47853.27,-145063.56
7601,37,370.03,-47859.34,-145055.62
7601,38,380.03,-47865.36,-145047.64
7601,39,390.02,-47871.57,-145039.81
7602,1,10.01,-47642.05,-145342.68
7602,2,20.01,-47648.18,-145334.78
7602,3,30.01,-47654.24,-145326.82
7602,4,40.01,-47660.33,-145318.89
7602,5,50.01,-47666.50,-145311.01
7602,6,60.02,-47672.59,-145303.07
7602,7,70.02,-47678.82,-145295.25
7602,8,80.02,-47684.74,-145287.19
7602,9,90.02,-47690.83,-145279.26
7602,10,100.02,-47697.02,-145271.40
7602,11,110.02,-47703.12,-145263.48
7602,12,120.02,-47709.22,-145255.56
7602,13,130.02,-47715.48,-145247.76
7602,14,140.02,-47721.47,-145239.75
7602,15,150.02,-47727.72,-145231.94
7602,16,160.02,-47733.69,-145223.92
7602,17,170.02,-47739.81,-145216.01
7602,18,180.02,-47745.92,-145208.10
7602,19,190.01,-47752.06,-145200.22
7602,20,200.01,-47758.16,-145192.29
7602,21,210.01,-47764.21,-145184.34
7602,22,220.00,-47770.37,-145176.46
7602,23,230.00,-47776.48,-145168.55
7602,24,239.99,-47782.60,-145160.65
7602,25,249.99,-47788.71,-145152.74
7602,26,259.99,-47794.75,-145144.77
7602,27,269.99,-47800.95,-145136.92
7602,28,280.00,-47807.11,-145129.04
7602,29,290.00,-47813.21,-145121.10
7602,30,300.00,-47819.25,-145113.13
7602,31,310.01,-47825.34,-145105.20
7602,32,320.01,-47831.53,-145097.34
7602,33,330.02,-47837.59,-145089.38
7602,34,340.02,-47843.72,-145081.47
7602,35,350.03,-47849.72,-145073.46
7602,36,360.03,-47855.84,-145065.55
7602,37,370.03,-47861.85,-145057.56
7602,38,380.03,-47868.07,-145049.73
7602,39,390.02,-47874.22,-145041.85
7701,1,9.99,-47883.80,-145023.98
7701,2,19.99,-47889.84,-145016.02
7701,3,29.99,-47895.91,-145008.07
7701,4,39.98,-47901.97,-145000.12
7701,5,49.98,-47908.15,-144992.27
7701,6,59.98,-47914.27,-144984.36
7702,1,9.99,-47886.48,-145026.06
7702,2,19.99,-47892.52,-145018.09
7702,3,29.99,-47898.66,-145010.20
7702,4,39.98,-47904.73,-145002.26
7702,5,49.98,-47910.97,-144994.44
7702,6,59.98,-47917.07,-144986.52
7801,1,9.99,-47926.47,-144968.53
7801,2,19.98,-47932.62,-144960.66
7801,3,29.98,-47938.69,-144952.71
7801,4,39.97,-47944.83,-144944.83
7801,5,49.96,-47950.97,-144936.95
7801,6,59.96,-47957.09,-144929.05
7801,7,69.95,-47963.17,-144921.11
7801,8,79.94,-47969.33,-144913.25
7801,9,89.94,-47975.41,-144905.31
7801,10,99.94,-47981.60,-144897.46
7801,11,109.95,-47987.59,-144889.44
7801,12,119.95,-47993.80,-144881.60
7801,13,129.96,-47999.82,-144873.61
7801,14,139.96,-48005.86,-144865.63
7801,15,149.96,-48012.05,-144857.77
7802,1,9.99,-47929.11,-144970.57
7802,2,19.98,-47935.29,-144962.72
7802,3,29.98,-47941.30,-144954.73
7802,4,39.97,-47947.48,-144946.87
7802,5,49.96,-47953.60,-144938.97
7802,6,59.96,-47959.57,-144930.96
7802,7,69.95,-47965.80,-144923.14
7802,8,79.95,-47971.89,-144915.22
7802,9,89.94,-47978.09,-144907.38
7802,10,99.94,-47984.19,-144899.45
7802,11,109.95,-47990.34,-144891.57
7802,12,119.95,-47996.40,-144883.60
7802,13,129.96,-48002.40,-144875.60
7802,14,139.96,-48008.58,-144867.73
7802,15,149.97,-48014.68,-144859.80
7901,1,10.00,-48024.30,-144841.95
7901,2,20.00,-48030.43,-144834.05
7901,3,29.98,-48036.55,-144826.17
7901,4,39.98,-48042.84,-144818.39
7901,5,49.97,-48049.16,-144810.66
7901,6,59.94,-48055.86,-144803.28
7901,7,69.89,-48062.48,-144795.84
7902,1,10.00,-48026.88,-144843.95
7902,2,19.99,-48032.98,-144836.03
7902,3,29.95,-48039.24,-144828.28
7902,4,39.91,-48045.50,-144820.55
7902,5,49.83,-48051.92,-144812.99
7902,6,59.71,-48058.31,-144805.45
7902,7,69.56,-48065.00,-144798.21
8001,1,9.87,-48076.49,-144781.85
8001,2,19.84,-48083.95,-144775.24
8001,3,29.84,-48091.75,-144768.98
8001,4,39.64,-48099.65,-144763.18
8001,5,49.59,-48107.87,-144757.57
8001,6,59.54,-48116.31,-144752.30
8001,7,69.37,-48124.87,-144747.47
8001,8,79.39,-48133.82,-144742.96
8001,9,89.28,-48142.86,-144738.94
8001,10,99.08,-48151.93,-144735.22
8001,11,109.10,-48161.37,-144731.87
8002,1,9.65,-48078.85,-144784.54
8002,2,19.53,-48086.26,-144778.00
8002,3,29.49,-48094.04,-144771.80
8002,4,38.98,-48101.73,-144766.22
8002,5,48.81,-48109.85,-144760.69
8002,6,58.67,-48118.28,-144755.58
8002,7,68.23,-48126.60,-144750.87
8002,8,78.25,-48135.56,-144746.39
8002,9,87.94,-48144.35,-144742.29
8002,10,97.46,-48153.11,-144738.56
8002,11,107.48,-48162.57,-144735.26
8101,1,10.01,-48180.40,-144726.33
8101,2,19.86,-48190.00,-144724.14
8101,3,29.79,-48199.77,-144722.39
8101,4,39.95,-48209.82,-144720.89
8101,5,50.13,-48219.91,-144719.53
8101,6,60.33,-48230.03,-144718.30
8101,7,70.54,-48240.21,-144717.49
8102,1,10.01,-48181.40,-144730.03
8102,2,19.62,-48190.73,-144727.76
8102,3,29.43,-48200.33,-144725.77
8102,4,39.49,-48210.29,-144724.29
8102,5,49.59,-48220.31,-144723.01
8102,6,59.72,-48230.38,-144721.93
8102,7,69.89,-48240.52,-144721.11
8201,1,10.23,-48260.61,-144715.87
8201,2,20.48,-48270.82,-144715.06
8201,3,30.72,-48281.03,-144714.27
8201,4,40.96,-48291.24,-144713.49
8201,5,51.20,-48301.46,-144712.74
8201,6,61.30,-48311.52,-144711.89
8201,7,71.40,-48321.59,-144710.99
8201,8,81.50,-48331.67,-144710.32
8201,9,91.61,-48341.73,-144709.51
8201,10,101.71,-48351.82,-144708.87
8201,11,111.81,-48361.88,-144707.95
8201,12,121.91,-48371.95,-144707.24
8201,13,132.01,-48382.02,-144706.42
8201,14,142.12,-48392.09,-144705.58
8202,1,10.23,-48260.89,-144719.36
8202,2,20.47,-48271.09,-144718.52
8202,3,30.71,-48281.31,-144717.77
8202,4,40.95,-48291.51,-144716.93
8202,5,51.19,-48301.72,-144716.10
8202,6,61.30,-48311.79,-144715.36
8202,7,71.40,-48321.86,-144714.57
8202,8,81.50,-48331.92,-144713.65
8202,9,91.60,-48342.00,-144712.91
8202,10,101.70,-48352.07,-144712.13
8202,11,111.81,-48362.13,-144711.24
8202,12,121.91,-48372.20,-144710.46
8202,13,132.01,-48382.28,-144709.73
8202,14,142.11,-48392.35,-144708.88
8301,1,9.99,-48412.12,-144703.93
8301,2,19.99,-48422.10,-144703.32
8301,3,29.99,-48432.06,-144702.50
8301,4,39.99,-48442.03,-144701.71
8301,5,49.98,-48452.01,-144701.04
8301,6,59.98,-48461.97,-144700.22
8301,7,69.98,-48471.93,-144699.40
8301,8,79.98,-48481.90,-144698.66
8301,9,89.97,-48491.87,-144697.88
8301,10,99.97,-48501.83,-144697.05
8301,11,109.97,-48511.80,-144696.30
8301,12,119.96,-48521.76,-144695.50
8301,13,129.96,-48531.73,-144694.75
8301,14,139.96,-48541.70,-144694.04
8301,15,149.95,-48551.66,-144693.21
8301,16,159.95,-48561.63,-144692.45
8301,17,169.94,-48571.60,-144691.67
8301,18,179.94,-48581.56,-144690.87
8301,19,189.94,-48591.53,-144690.12
8301,20,199.93,-48601.49,-144689.35
8301,21,209.88,-48611.42,-144688.61
8301,22,219.83,-48621.34,-144687.82
8302,1,9.99,-48412.39,-144707.41
8302,2,19.99,-48422.36,-144706.60
8302,3,29.99,-48432.31,-144705.71
8302,4,39.99,-48442.29,-144705.09
8302,5,49.98,-48452.26,-144704.30
8302,6,59.98,-48462.23,-144703.55
8302,7,69.98,-48472.20,-144702.76
8302,8,79.98,-48482.17,-144702.05
8302,9,89.97,-48492.13,-144701.23
8302,10,99.97,-48502.10,-144700.42
8302,11,109.97,-48512.06,-144699.66
8302,12,119.96,-48522.03,-144698.93
8302,13,129.96,-48531.99,-144698.01
8302,14,139.96,-48541.95,-144697.24
8302,15,149.95,-48551.92,-144696.50
8302,16,159.95,-48561.90,-144695.85
8302,17,169.95,-48571.87,-144695.22
8302,18,179.94,-48581.83,-144694.35
8302,19,189.94,-48591.80,-144693.64
8302,20,199.94,-48601.75,-144692.62
8302,21,209.89,-48611.68,-144691.99
8302,22,219.84,-48621.61,-144691.27
8401,1,9.95,-48641.18,-144686.32
8401,2,19.90,-48651.10,-144685.53
8401,3,29.86,-48661.02,-144684.66
8401,4,39.82,-48670.96,-144683.95
8401,5,49.78,-48680.87,-144682.93
8401,6,59.74,-48690.80,-144682.13
8401,7,69.71,-48700.71,-144681.07
8401,8,79.76,-48710.69,-144679.91
8401,9,89.80,-48720.67,-144678.78
8401,10,99.85,-48730.64,-144677.57
8401,11,109.90,-48740.61,-144676.24
8401,12,119.95,-48750.56,-144674.86
8402,1,9.95,-48641.44,-144689.67
8402,2,19.90,-48651.36,-144688.77
8402,3,29.87,-48661.29,-144687.93
8402,4,39.84,-48671.23,-144687.20
8402,5,49.82,-48681.18,-144686.47
8402,6,59.80,-48691.12,-144685.47
8402,7,69.79,-48701.06,-144684.54
8402,8,79.86,-48711.07,-144683.46
8402,9,89.94,-48721.09,-144682.37
8402,10,100.02,-48731.10,-144681.15
8402,11,110.11,-48741.10,-144679.75
8402,12,120.21,-48751.10,-144678.35
8501,1,10.05,-48770.39,-144671.47
8501,2,20.12,-48780.27,-144669.54
8501,3,30.18,-48790.15,-144667.62
8501,4,40.25,-48799.96,-144665.37
8501,5,50.03,-48809.50,-144663.19
8501,6,59.82,-48818.97,-144660.71
8501,7,69.62,-48828.36,-144657.94
8502,1,10.11,-48771.01,-144674.88
8502,2,20.22,-48780.95,-144673.02
8502,3,30.35,-48790.87,-144670.96
8502,4,40.48,-48800.77,-144668.83
8502,5,50.33,-48810.31,-144666.39
8502,6,60.18,-48819.83,-144663.83
8502,7,70.04,-48829.31,-144661.11
8601,1,9.84,-48847.05,-144651.91
8601,2,19.58,-48856.23,-144648.66
8601,3,29.34,-48865.31,-144645.09
8601,4,39.19,-48874.45,-144641.39
8601,5,49.02,-48883.45,-144637.45
8601,6,58.76,-48892.23,-144633.23
8601,7,68.85,-48901.24,-144628.70
8601,8,78.82,-48910.07,-144624.05
8601,9,88.89,-48918.85,-144619.14
8601,10,98.97,-48927.53,-144614.01
8601,11,108.94,-48935.94,-144608.65
8601,12,118.92,-48944.31,-144603.22
8601,13,129.03,-48952.67,-144597.52
8601,14,139.02,-48960.72,-144591.62
8601,15,149.05,-48968.77,-144585.63
8601,16,159.12,-48976.62,-144579.32
8602,1,9.97,-48848.19,-144655.01
8602,2,19.71,-48857.36,-144651.73
8602,3,29.50,-48866.53,-144648.33
8602,4,39.51,-48875.67,-144644.23
8602,5,49.45,-48884.85,-144640.41
8602,6,59.19,-48893.69,-144636.32
8602,7,69.43,-48902.83,-144631.70
8602,8,79.41,-48911.69,-144627.12
8602,9,89.59,-48920.54,-144622.08
8602,10,99.82,-48929.35,-144616.89
8602,11,109.79,-48937.83,-144611.64
8602,12,119.77,-48946.16,-144606.14
8602,13,130.08,-48954.72,-144600.39
8602,14,140.08,-48962.75,-144594.45
8602,15,150.20,-48970.87,-144588.41
8602,16,160.40,-48978.89,-144582.09
8701,1,9.95,-48991.79,-144566.24
8701,2,19.97,-48999.12,-144559.41
8701,3,29.99,-49006.42,-144552.55
8702,1,9.96,-48994.08,-144568.76
8702,2,20.05,-49001.52,-144561.94
8702,3,30.14,-49008.73,-144554.88
8801,1,10.01,-49020.29,-144538.11
8801,2,20.01,-49027.02,-144530.70
8801,3,30.02,-49033.53,-144523.10
8801,4,40.02,-49040.14,-144515.60
8801,5,50.02,-49046.44,-144507.84
8801,6,60.02,-49052.78,-144500.09
8801,7,70.02,-49058.78,-144492.09
8801,8,80.02,-49064.74,-144484.07
8801,9,90.01,-49070.82,-144476.13
8801,10,100.01,-49076.58,-144467.97
8801,11,109.99,-49082.29,-144459.78
8801,12,119.98,-49087.91,-144451.53
8801,13,129.96,-49093.47,-144443.23
8802,1,10.07,-49022.79,-144540.44
8802,2,20.14,-49029.56,-144532.98
8802,3,30.21,-49036.26,-144525.47
8802,4,40.27,-49042.81,-144517.83
8802,5,50.32,-49049.28,-144510.14
8802,6,60.38,-49055.39,-144502.15
8802,7,70.42,-49061.45,-144494.14
8802,8,80.46,-49067.64,-144486.24
8802,9,90.50,-49073.48,-144478.08
8802,10,100.52,-49079.51,-144470.07
8802,11,110.54,-49085.18,-144461.80
8802,12,120.56,-49090.78,-144453.50
8802,13,130.56,-49096.31,-144445.17
8901,1,9.97,-49104.60,-144426.68
8901,2,19.99,-49110.26,-144418.41
8901,3,30.00,-49115.66,-144409.98
8902,1,9.99,-49107.53,-144428.63
8902,2,20.02,-49112.98,-144420.21
8902,3,30.04,-49118.64,-144411.93
8903,1,10.01,-49111.45,-144431.23
8903,2,20.06,-49116.76,-144422.70
8903,3,30.09,-49122.11,-144414.22
9001,1,10.10,-49126.88,-144393.27
9001,2,20.02,-49132.28,-144384.97
9001,3,30.03,-49137.90,-144376.68
9001,4,40.04,-49143.40,-144368.31
9001,5,50.04,-49148.93,-144359.98
9001,6,60.05,-49154.42,-144351.60
9001,7,70.07,-49159.72,-144343.11
9001,8,80.01,-49165.05,-144334.72
9001,9,89.95,-49170.67,-144326.51
9001,10,99.90,-49176.20,-144318.25
9001,11,109.84,-49181.69,-144309.96
9001,12,119.78,-49187.09,-144301.61
9001,13,129.73,-49192.59,-144293.33
9001,14,139.67,-49197.97,-144284.96
9001,15,149.61,-49203.39,-144276.63
9001,16,159.56,-49208.93,-144268.37
9001,17,169.50,-49214.25,-144259.97
9001,18,179.52,-49219.81,-144251.64
9001,19,189.53,-49225.32,-144243.27
9001,20,199.55,-49230.71,-144234.83
9002,1,10.10,-49129.58,-144395.04
9002,2,20.02,-49134.94,-144386.71
9002,3,30.02,-49140.51,-144378.39
9002,4,40.04,-49146.26,-144370.19
9002,5,50.05,-49151.68,-144361.78
9002,6,60.06,-49157.17,-144353.41
9002,7,70.07,-49162.45,-144344.90
9002,8,80.01,-49167.96,-144336.63
9002,9,89.96,-49173.48,-144328.35
9002,10,99.90,-49178.83,-144319.97
9002,11,109.84,-49184.34,-144311.69
9002,12,119.79,-49189.76,-144303.36
9002,13,129.73,-49195.29,-144295.10
9002,14,139.67,-49200.55,-144286.65
9002,15,149.62,-49206.21,-144278.48
9002,16,159.56,-49211.68,-144270.18
9002,17,169.51,-49217.18,-144261.89
9002,18,179.52,-49222.55,-144253.43
9002,19,189.54,-49228.02,-144245.05
9002,20,199.55,-49233.54,-144236.69
9003,1,10.01,-49132.59,-144397.13
9003,2,20.02,-49137.84,-144388.61
9003,3,30.03,-49143.48,-144380.34
9003,4,40.04,-49148.83,-144371.88
9003,5,50.05,-49154.43,-144363.58
9003,6,60.06,-49159.80,-144355.13
9003,7,70.07,-49165.34,-144346.79
9003,8,80.01,-49170.80,-144338.49
9003,9,89.96,-49176.27,-144330.19
9003,10,99.90,-49181.71,-144321.86
9003,11,109.84,-49187.28,-144313.62
9003,12,119.79,-49192.78,-144305.34
9003,13,129.73,-49198.16,-144296.98
9003,14,139.67,-49203.49,-144288.58
9003,15,149.62,-49208.88,-144280.23
9003,16,159.56,-49214.41,-144271.96
9003,17,169.50,-49219.95,-144263.71
9003,18,179.52,-49225.34,-144255.27
9003,19,189.53,-49230.81,-144246.88
9003,20,199.55,-49236.27,-144238.48
9101,1,12.10,-49241.70,-144218.08
9101,2,22.11,-49247.27,-144209.76
9101,3,32.13,-49252.77,-144201.39
9101,4,42.15,-49258.18,-144192.97
9101,5,52.16,-49263.69,-144184.60
9101,6,62.18,-49269.24,-144176.26
9101,7,72.14,-49274.80,-144167.99
9101,8,82.10,-49280.16,-144159.60
9101,9,92.07,-49285.79,-144151.37
9101,10,102.03,-49291.27,-144143.05
9101,11,112.00,-49296.60,-144134.63
9101,12,121.96,-49302.18,-144126.38
9102,1,12.09,-49244.68,-144220.04
9102,2,22.11,-49250.04,-144211.58
9102,3,32.12,-49255.56,-144203.22
9102,4,42.14,-49261.03,-144194.83
9102,5,52.15,-49266.53,-144186.46
9102,6,62.17,-49271.97,-144178.05
9102,7,72.14,-49277.57,-144169.81
9102,8,82.10,-49283.06,-144161.50
9102,9,92.06,-49288.52,-144153.16
9102,10,102.02,-49293.92,-144144.79
9102,11,111.99,-49299.40,-144136.47
9102,12,121.95,-49304.78,-144128.08
9103,1,12.08,-49247.14,-144221.65
9103,2,22.10,-49252.62,-144213.27
9103,3,32.12,-49258.26,-144204.99
9103,4,42.13,-49263.91,-144196.72
9103,5,52.15,-49269.42,-144188.35
9103,6,62.16,-49274.83,-144179.93
9103,7,72.13,-49280.34,-144171.62
9103,8,82.09,-49285.87,-144163.34
9103,9,92.05,-49291.31,-144154.99
9103,10,102.02,-49296.67,-144146.59
9103,11,111.98,-49302.25,-144138.34
9103,12,121.95,-49307.65,-144129.96
9104,1,12.07,-49250.34,-144223.75
9104,2,22.09,-49255.83,-144215.38
9104,3,32.11,-49261.19,-144206.91
9104,4,42.12,-49266.69,-144198.55
9104,5,52.14,-49272.36,-144190.29
9104,6,62.15,-49277.84,-144181.90
9104,7,72.12,-49283.36,-144173.61
9104,8,82.08,-49288.69,-144165.19
9104,9,92.05,-49293.91,-144156.69
9104,10,102.02,-49298.99,-144148.11
9104,11,111.99,-49304.15,-144139.58
9104,12,121.99,-49308.93,-144130.80
9201,1,9.96,-49312.98,-144109.63
9201,2,19.92,-49318.47,-144101.31
9201,3,29.89,-49323.89,-144092.96
9201,4,39.89,-49329.50,-144084.68
9201,5,49.89,-49334.88,-144076.25
9201,6,59.89,-49340.48,-144067.96
9201,7,69.89,-49345.93,-144059.57
9201,8,79.89,-49351.42,-144051.22
9201,9,89.87,-49356.90,-144042.85
9201,10,99.89,-49362.37,-144034.48
9201,11,109.89,-49367.89,-144026.14
9201,12,119.89,-49373.47,-144017.84
9201,13,129.90,-49378.76,-144009.35
9201,14,139.90,-49384.31,-144001.03
9201,15,149.89,-49389.71,-143992.62
9201,16,159.89,-49395.19,-143984.25
9201,17,169.89,-49400.61,-143975.86
9201,18,179.89,-49406.24,-143967.59
9201,19,189.89,-49411.77,-143959.27
9201,20,199.88,-49417.26,-143950.91
9201,21,209.88,-49422.63,-143942.47
9201,22,219.88,-49428.13,-143934.12
9201,23,229.88,-49433.57,-143925.74
9201,24,239.86,-49438.96,-143917.33
9201,25,249.85,-49444.55,-143909.05
9201,26,259.84,-49450.04,-143900.71
9201,27,269.82,-49455.55,-143892.38
9201,28,279.81,-49460.97,-143883.99
9201,29,289.80,-49466.46,-143875.65
9201,30,299.79,-49471.96,-143867.31
9201,31,309.77,-49477.37,-143858.92
9201,32,319.76,-49482.88,-143850.59
9201,33,329.75,-49488.36,-143842.24
9202,1,9.96,-49315.83,-144111.50
9202,2,19.92,-49321.29,-144103.17
9202,3,29.89,-49326.75,-144094.83
9202,4,39.89,-49332.23,-144086.47
9202,5,49.89,-49337.72,-144078.11
9202,6,59.89,-49343.18,-144069.73
9202,7,69.89,-49348.49,-144061.25
9202,8,79.89,-49354.05,-144052.94
9202,9,89.89,-49359.64,-144044.64
9202,10,99.89,-49365.09,-144036.26
9202,11,109.89,-49370.50,-144027.85
9202,12,119.90,-49376.11,-144019.57
9202,13,129.90,-49381.46,-144011.11
9202,14,139.90,-49387.01,-144002.80
9202,15,149.89,-49392.51,-143994.46
9202,16,159.89,-49398.10,-143986.17
9202,17,169.89,-49403.56,-143977.79
9202,18,179.89,-49409.01,-143969.41
9202,19,189.88,-49414.49,-143961.05
9202,20,199.88,-49419.88,-143952.63
9202,21,209.88,-49425.34,-143944.25
9202,22,219.88,-49430.81,-143935.88
9202,23,229.87,-49436.40,-143927.59
9202,24,239.86,-49441.92,-143919.27
9202,25,249.85,-49447.29,-143910.85
9202,26,259.84,-49452.76,-143902.49
9202,27,269.82,-49458.25,-143894.15
9202,28,279.81,-49463.72,-143885.79
9202,29,289.80,-49469.24,-143877.47
9202,30,299.78,-49474.77,-143869.16
9202,31,309.77,-49480.24,-143860.80
9202,32,319.72,-49485.65,-143852.40
9202,33,329.75,-49491.00,-143843.97
9203,1,9.96,-49318.48,-144113.24
9203,2,19.92,-49324.11,-144105.01
9203,3,29.89,-49329.45,-144096.61
9203,4,39.89,-49335.05,-144088.31
9203,5,49.89,-49340.57,-144079.98
9203,6,59.89,-49346.08,-144071.63
9203,7,69.89,-49351.49,-144063.22
9203,8,79.89,-49356.91,-144054.81
9203,9,89.89,-49362.42,-144046.47
9203,10,99.89,-49367.91,-144038.11
9203,11,109.90,-49373.27,-144029.66
9203,12,119.90,-49378.76,-144021.31
9203,13,129.90,-49384.20,-144012.92
9203,14,139.90,-49389.71,-144004.57
9203,15,149.89,-49395.13,-143996.17
9203,16,159.89,-49400.67,-143987.85
9203,17,169.89,-49406.16,-143979.49
9203,18,179.89,-49411.72,-143971.18
9203,19,189.88,-49417.17,-143962.81
9203,20,199.88,-49422.58,-143954.40
9203,21,209.88,-49428.08,-143946.05
9203,22,219.88,-49433.63,-143937.73
9203,23,229.87,-49439.17,-143929.41
9203,24,239.86,-49444.57,-143921.01
9203,25,249.85,-49450.06,-143912.66
9203,26,259.84,-49455.41,-143904.23
9203,27,269.82,-49460.98,-143895.94
9203,28,279.81,-49466.46,-143887.59
9203,29,289.80,-49471.95,-143879.25
9203,30,299.78,-49477.48,-143870.93
9203,31,309.77,-49482.99,-143862.60
9203,32,319.76,-49488.48,-143854.26
9203,33,329.74,-49493.87,-143845.86
9301,1,9.98,-49499.25,-143825.51
9302,1,9.98,-49501.93,-143827.27
9303,1,9.98,-49504.90,-143829.21
9401,1,9.98,-49510.19,-143808.81
9401,2,19.96,-49515.69,-143800.49
9401,3,29.93,-49521.21,-143792.17
9401,4,39.91,-49526.63,-143783.80
9401,5,49.89,-49532.22,-143775.54
9401,6,59.86,-49537.75,-143767.23
9401,7,69.83,-49543.26,-143758.93
9401,8,79.81,-49548.82,-143750.63
9401,9,89.80,-49554.48,-143742.41
9401,10,99.78,-49560.11,-143734.17
9401,11,109.76,-49565.97,-143726.08
9401,12,119.74,-49571.84,-143718.02
9401,13,129.71,-49577.60,-143709.88
9401,14,139.69,-49583.59,-143701.90
9401,15,149.66,-49589.51,-143693.88
9401,16,159.63,-49595.48,-143685.89
9401,17,169.60,-49601.67,-143678.08
9401,18,179.63,-49607.91,-143670.22
9402,1,9.98,-49512.93,-143810.61
9402,2,19.96,-49518.46,-143802.30
9402,3,29.93,-49523.91,-143793.95
9402,4,39.90,-49529.32,-143785.57
9402,5,49.87,-49534.93,-143777.33
9402,6,59.83,-49540.45,-143769.04
9402,7,69.79,-49545.92,-143760.72
9402,8,79.76,-49551.51,-143752.46
9402,9,89.73,-49557.16,-143744.25
9402,10,99.69,-49562.91,-143736.12
9402,11,109.65,-49568.56,-143727.92
9402,12,119.60,-49574.35,-143719.82
9402,13,129.55,-49580.11,-143711.70
9402,14,139.50,-49586.16,-143703.81
9402,15,149.44,-49592.16,-143695.88
9402,16,159.38,-49598.13,-143687.94
9402,17,169.31,-49604.29,-143680.15
9402,18,179.31,-49610.51,-143672.32
9403,1,9.98,-49515.72,-143812.44
9403,2,19.95,-49521.18,-143804.09
9403,3,29.92,-49526.62,-143795.73
9403,4,39.89,-49532.16,-143787.45
9403,5,49.85,-49537.69,-143779.17
9403,6,59.80,-49543.36,-143770.99
9403,7,69.75,-49548.81,-143762.67
9403,8,79.70,-49554.30,-143754.36
9403,9,89.65,-49559.74,-143746.03
9403,10,99.60,-49565.56,-143737.96
9403,11,109.54,-49571.41,-143729.93
9403,12,119.47,-49577.12,-143721.81
9403,13,129.40,-49582.80,-143713.66
9403,14,139.32,-49588.74,-143705.72
9403,15,149.23,-49594.76,-143697.85
9403,16,159.13,-49600.84,-143690.02
9403,17,169.03,-49606.84,-143682.15
9403,18,178.99,-49612.97,-143674.30
9501,1,9.98,-49620.56,-143654.70
9501,2,20.05,-49627.20,-143647.14
9501,3,30.12,-49633.89,-143639.62
9501,4,40.12,-49640.52,-143632.13
9501,5,50.18,-49647.39,-143624.78
9502,1,9.89,-49623.08,-143656.90
9502,2,19.96,-49629.59,-143649.22
9502,3,30.02,-49636.25,-143641.68
9502,4,39.95,-49643.07,-143634.47
9502,5,50.01,-49649.88,-143627.05
9503,1,9.79,-49625.57,-143659.08
9503,2,19.86,-49631.98,-143651.31
9503,3,29.93,-49638.69,-143643.81
9503,4,39.78,-49645.32,-143636.53
9503,5,49.84,-49652.23,-143629.21
9601,1,10.04,-49661.21,-143610.28
9601,2,20.11,-49668.31,-143603.14
9601,3,30.24,-49675.67,-143596.18
9601,4,40.21,-49682.84,-143589.25
9601,5,50.34,-49690.27,-143582.36
9601,6,60.40,-49697.66,-143575.54
9601,7,70.52,-49705.32,-143568.92
9601,8,80.65,-49713.02,-143562.34
9601,9,90.78,-49720.73,-143555.77
9601,10,100.79,-49728.42,-143549.37
9602,1,10.01,-49663.57,-143612.62
9602,2,20.08,-49670.63,-143605.44
9602,3,30.21,-49677.88,-143598.37
9602,4,40.01,-49685.06,-143591.70
9602,5,50.14,-49692.51,-143584.84
9602,6,60.11,-49699.78,-143578.01
9602,7,70.24,-49707.34,-143571.27
9602,8,80.37,-49714.98,-143564.62
9602,9,90.50,-49722.89,-143558.29
9602,10,100.36,-49730.48,-143552.00
9603,1,9.99,-49665.86,-143614.89
9603,2,20.05,-49673.02,-143607.82
9603,3,30.18,-49680.30,-143600.77
9603,4,39.80,-49687.26,-143594.13
9603,5,49.93,-49694.54,-143587.08
9603,6,59.82,-49701.86,-143580.43
9603,7,69.95,-49709.58,-143573.88
9603,8,80.08,-49717.22,-143567.23
9603,9,90.21,-49724.83,-143560.54
9603,10,99.93,-49732.37,-143554.40
9604,1,10.04,-49666.83,-143615.85
9604,2,20.14,-49674.61,-143609.39
9604,3,30.29,-49682.14,-143602.59
9604,4,39.77,-49689.13,-143596.20
9604,5,49.90,-49696.82,-143589.60
9604,6,59.70,-49704.38,-143583.36
9604,7,69.83,-49712.04,-143576.74
9604,8,79.96,-49719.87,-143570.32
9604,9,90.09,-49727.80,-143564.00
9604,10,99.61,-49735.38,-143558.24
9701,1,10.12,-49744.28,-143536.77
9701,2,20.11,-49752.35,-143530.89
9701,3,30.21,-49760.37,-143524.74
9701,4,40.31,-49768.70,-143519.03
9702,1,10.12,-49746.33,-143539.38
9702,2,19.97,-49754.25,-143533.54
9702,3,30.07,-49762.39,-143527.56
9702,4,40.17,-49770.59,-143521.67
9703,1,10.12,-49748.46,-143542.09
9703,2,19.82,-49756.21,-143536.27
9703,3,29.92,-49764.29,-143530.21
9703,4,40.02,-49772.49,-143524.31
9801,1,11.45,-49785.20,-143507.53
9801,2,21.51,-49793.60,-143501.98
9801,3,31.58,-49802.04,-143496.50
9801,4,41.65,-49810.58,-143491.16
9801,5,51.72,-49819.14,-143485.84
9801,6,61.80,-49827.78,-143480.67
9801,7,71.77,-49836.46,-143475.75
9801,8,81.75,-49845.04,-143470.65
9801,9,91.73,-49853.72,-143465.73
9801,10,101.71,-49862.49,-143460.97
9801,11,111.69,-49871.29,-143456.26
9801,12,121.68,-49880.02,-143451.41
9801,13,131.66,-49888.85,-143446.74
9801,14,141.65,-49897.63,-143441.98
9801,15,151.64,-49906.48,-143437.35
9801,16,161.63,-49915.32,-143432.70
9801,17,171.64,-49924.22,-143428.11
9801,18,181.66,-49933.07,-143423.42
9802,1,11.40,-49787.09,-143510.34
9802,2,21.43,-49795.45,-143504.81
9802,3,31.46,-49803.81,-143499.27
9802,4,41.49,-49812.34,-143493.99
9802,5,51.53,-49820.92,-143488.77
9802,6,61.57,-49829.50,-143483.56
9802,7,71.52,-49838.08,-143478.53
9802,8,81.47,-49846.69,-143473.53
9802,9,91.43,-49855.38,-143468.68
9802,10,101.38,-49864.16,-143463.99
9802,11,111.35,-49872.77,-143458.96
9802,12,121.32,-49881.61,-143454.36
9802,13,131.29,-49890.29,-143449.46
9802,14,141.26,-49899.14,-143444.84
9802,15,151.24,-49907.97,-143440.19
9802,16,161.23,-49916.88,-143435.69
9802,17,171.23,-49925.76,-143431.09
9802,18,181.25,-49934.53,-143426.25
9803,1,11.37,-49788.86,-143512.98
9803,2,21.35,-49797.35,-143507.72
9803,3,31.35,-49805.64,-143502.14
9803,4,41.35,-49814.21,-143496.99
9803,5,51.35,-49822.63,-143491.60
9803,6,61.36,-49831.12,-143486.28
9803,7,71.28,-49839.75,-143481.39
9803,8,81.21,-49848.34,-143476.43
9803,9,91.14,-49856.97,-143471.51
9803,10,101.07,-49865.70,-143466.76
9803,11,111.02,-49874.36,-143461.88
9803,12,120.96,-49883.10,-143457.12
9803,13,130.92,-49891.86,-143452.40
9803,14,140.88,-49900.65,-143447.71
9803,15,150.85,-49909.53,-143443.19
9803,16,160.82,-49918.40,-143438.63
9803,17,170.82,-49927.28,-143434.03
9803,18,180.82,-49936.15,-143429.41
9901,1,4.07,-47096.97,-146082.43
9901,2,14.06,-47098.56,-146072.57
10001,1,0.85,-47314.65,-145666.56
10001,2,1.08,-47321.59,-145659.35
10002,2,10.25,-47324.63,-145662.85
10101,1,10.00,-47336.11,-145645.56
10101,2,20.01,-47343.43,-145638.74
10102,1,10.07,-47338.03,-145647.77
10102,2,20.16,-47344.69,-145640.18
10201,1,10.08,-47357.68,-145624.64
10201,2,20.15,-47364.41,-145617.16
10301,1,4.29,-49033.80,-144536.78
10301,2,14.46,-49040.75,-144529.35
10301,3,24.74,-49048.44,-144522.54
10302,1,3.83,-49036.09,-144538.83
10302,2,14.05,-49042.84,-144531.16
10302,3,24.26,-49049.51,-144523.43
10401,1,10.17,-49062.18,-144507.49
10401,2,20.34,-49068.55,-144499.57
10401,3,30.49,-49074.43,-144491.30
10401,4,40.62,-49080.03,-144482.85
10401,5,50.73,-49085.57,-144474.40
10401,6,60.84,-49090.76,-144465.72
10401,7,70.93,-49095.94,-144457.06
10401,8,81.01,-49100.86,-144448.26
10501,1,3.98,-49177.34,-144342.77
10501,2,13.95,-49182.20,-144334.07
10501,3,23.90,-49187.27,-144325.50
10501,4,33.85,-49192.68,-144317.16
10501,5,43.79,-49198.11,-144308.83
10501,6,53.73,-49203.52,-144300.49
10501,7,63.68,-49208.82,-144292.08
10501,8,73.63,-49213.99,-144283.58
10501,9,83.58,-49219.00,-144274.97
10501,10,93.53,-49224.19,-144266.49
10501,11,103.57,-49229.16,-144257.77
10501,12,113.60,-49234.19,-144249.09
10501,13,123.61,-49239.49,-144240.59
10601,1,10.14,-49751.69,-143546.21
10601,2,19.62,-49759.61,-143541.01
10601,3,29.72,-49767.93,-143535.29
10601,4,39.82,-49776.18,-143529.46
